67. 956
68. 118
69. 959
70. 184
71. 401
72. 527
73. 63
74. 955
75. 77
76. 978
77. 846
78. 849
79. 699
80. 790
81. 911
82. 87
83. 486
84. 914
85. 842
86. 127
87. 844
88. 235
89. 209
90. 710
91. 735
92. 144
93. 226
94. 298
95. 560
96. 431
97. 586
98. 723
99. 482
100. 871
101. 918
102. 329
103. 906
104. 350
105. 365
106. 361
107. 536
108. 793
109. 664
110. 739
111. 507
112. 289
113. 256
114. 73
115. 356
116. 834
117. 96
118. 939
119. 28
120. 553
121. 526
122. 501
123. 746
124. 890
125. 701
126. 807
127. 447
128. 97
129. 58
130. 891
131. 346
132. 699
133. 421
134. 666
135. 198
136. 791
137. 340
138. 433
139. 316
140. 81
141. 984
142. 462
143. 116
144. 711
145. 963
146. 380
147. 85
148. 224
149. 370
150. 923
151. 188
152. 326
153. 67
154. 582
155. 530
156. 489
157. 59
158. 100
159. 441
160. 161
161. 637
162. 961
163. 118
164. 21
165. 216
166. 432
167. 309
168. 64
169. 992
170. 81
171. 781
172. 644
173. 324
174. 126
175. 166
176. 385
177. 233
178. 436
179. 517
180. 88
181. 390
182. 355
183. 335
184. 372
185. 254
186. 294
187. 589
188. 803
189. 38
190. 56
191. 235
192. 196
193. 948
194. 359
195. 398
196. 608
197. 145
198. 346
199. 915
200. 485
201. 945
202. 936
203. 114
204. 490
205. 61
206. 343
207. 345
208. 862
209. 313
210. 316
211. 529
212. 362
213. 49
214. 307
215. 791
216. 281
217. 222
218. 283
219. 911
220. 90
221. 914
222. 39
223. 509
224. 797
225. 23
226. 895
227. 67
228. 164
229. 896
230. 554
231. 460
232. 181
233. 211
234. 474
235. 201
236. 911
237. 717
238. 192
239. 75
240. 679
241. 355
242. 678
243. 650
244. 128
245. 925
246. 230
247. 105
248. 409
249. 897
250. 698
251. 427
252. 313
253. 670
254. 308
255. 838
256. 335
257. 367
258. 325
259. 233
260. 224
261. 950
262. 199
263. 793
264. 108
265. 501
266. 102
267. 924
268. 349
269. 595
270. 395
271. 753
272. 318
273. 676
274. 154
275. 524
276. 908
277. 694
278. 211
279. 214
280. 424
281. 458
282. 403
283. 958
284. 688
285. 957
286. 488
287. 591
288. 218
289. 203
290. 196
291. 765
292. 971
293. 927
294. 741
295. 227
296. 592
297. 60
298. 885
299. 474
300. 409
301. 226
302. 174
303. 230
304. 162
305. 169
306. 510
307. 962
308. 32
309. 225
310. 201
311. 823
312. 914
313. 724
314. 89
315. 267
316. 717
317. 54
318. 60
319. 69
320. 601
321. 306
322. 287
323. 65
324. 308
325. 926
326. 278
327. 415
328. 241
329. 827
330. 265
331. 662
332. 678
333. 734
334. 424
335. 434
336. 701
337. 380
338. 731
339. 24
340. 973
341. 741
342. 728
343. 357
344. 881
345. 238
346. 740
347. 947
348. 587
349. 22
350. 271
351. 603
352. 266
353. 918
354. 519
355. 617
356. 826
357. 268
358. 486
359. 295
360. 939
361. 363
362. 378
363. 302
364. 586
365. 740
366. 380
367. 931
368. 12
369. 387
370. 588
371. 315
372. 712
373. 956
374. 180
375. 454
376. 104
377. 661
378. 91
379. 811
380. 370
381. 471
382. 419
383. 464
384. 243
385. 578
386. 250
387. 784
388. 750
389. 998
390. 245
391. 165
392. 771
393. 691
394. 768
395. 654
396. 261
397. 566
398. 441
399. 91
400. 194
401. 643
402. 932
403. 379
404. 86
405. 940
406. 263
407. 638
408. 344
409. 991
410. 544
411. 767
412. 266
413. 708
414. 727
415. 191
416. 698
417. 990
418. 308
419. 325
420. 44
421. 18
422. 397
423. 93
424. 649
425. 900
426. 62
427. 322
428. 339
429. 619
430. 404
431. 742
432. 196
433. 874
434. 205
435. 96
436. 203
437. 224
438. 704
439. 727
440. 135
441. 769
442. 757
443. 424
444. 714
445. 5
446. 884
447. 114
448. 674
449. 144
450. 83
451. 302
452. 29
453. 179
454. 104
455. 531
456. 455
457. 473
458. 300
459. 254
460. 640
461. 296
462. 548
463. 103
464. 381
465. 365
466. 713
467. 744
468. 709
469. 837
470. 9
471. 90
472. 347
473. 179
474. 359
475. 304
476. 923
477. 446
478. 385
479. 699
480. 749
481. 193
482. 206
483. 922
484. 197
485. 128
486. 273
487. 758
488. 439
489. 650
490. 54
491. 736
492. 817
493. 152
494. 949
495. 807
496. 224
497. 124
498. 889
499. 625
500. 667
501. 239
502. 387
503. 806
504. 788
505. 632
506. 8
507. 584
508. 280
509. 11
510. 726
511. 181
512. 761
513. 66
514. 64
515. 14
516. 742
517. 725
518. 708
519. 332
520. 828
521. 750
522. 425
523. 944
524. 719
525. 110
526. 348
527. 121
528. 961
529. 971
530. 629
531. 830
532. 241
533. 491
534. 930
535. 889
536. 710
537. 333
538. 163
539. 311
540. 252
541. 270
542. 165
543. 208
544. 694
545. 914
546. 267
547. 952
548. 645
549. 414
550. 822
551. 69
552. 112
553. 267
554. 7
555. 806
556. 931
557. 355
558. 928
559. 854
560. 993
561. 101439
562. 897
563. 381
564. 748
565. 987
566. 437
567. 954
568. 595
569. 783
570. 49
571. 110
572. 675
573. 8
574. 60
575. 981
576. 730
577. 336
578. 120
579. 790
580. 90
581. 212
582. 985
583. 12
584. 912
585. 383
586. 665
587. 754
588. 950
589. 790
590. 896
591. 773
592. 777
593. 581
594. 514
595. 910
596. 579
597. 496
598. 790
599. 334
600. 912
601. 692
602. 609
603. 694
604. 693
605. 213
606. 620
607. 695
608. 385
609. 785
610. 163
611. 984
612. 978
613. 971
614. 477
615. 465
616. 196
617. 313
618. 447
619. 766
620. 126
621. 480
622. 798
623. 792
624. 359
625. 193
626. 837
627. 157
628. 773
629. 752
630. 447
631. 565
632. 53
633. 384
634. 449
635. 749
636. 792
637. 138
638. 527
639. 339
640. 299
641. 505
642. 691
643. 700
644. 721
645. 942
646. 713
647. 260
648. 491
649. 452
650. 336
651. 73
652. 960
653. 238
654. 163
655. 689
656. 831
657. 709
658. 199
659. 111
660. 498
661. 557
662. 972
663. 450
664. 653
665. 476
666. 398
667. 619
668. 280
669. 923
670. 31
671. 691
672. 67
673. 782
674. 268
675. 428
676. 408
677. 740
678. 576
679. 734
680. 317
681. 114
682. 332
683. 743
684. 908
685. 381
686. 914
687. 420
688. 647
689. 528
690. 284
691. 825
692. 721
693. 929
694. 324
695. 167
696. 561
697. 815
698. 466
699. 389
700. 304
701. 480
702. 851
703. 585
704. 942
705. 496
706. 53
707. 938
708. 518
709. 368
710. 941
711. 930
712. 364
713. 522
714. 59
715. 652
716. 963
717. 949
718. 828
719. 784
720. 860
721. 420
722. 310
723. 476
724. 94
725. 589
726. 833
727. 426
728. 940
729. 959
730. 993
731. 88
732. 398
733. 624
734. 917
735. 838
736. 664
737. 833
738. 672
739. 19
740. 350
741. 333
742. 707
743. 336
744. 746
745. 263
746. 463
747. 220
748. 663
749. 849
750. 631
751. 712
752. 308
753. 580
754. 78
755. 422
756. 444
757. 281
758. 447
759. 37
760. 814
761. 788
762. 810
763. 369
764. 985
765. 92
766. 684
767. 74
768. 279
769. 128
770. 464
771. 944
772. 978
773. 163
774. 984
775. 5
776. 165
777. 889
778. 969
779. 5
780. 272
781. 374
782. 948
783. 13
784. 796
785. 632
786. 789
787. 91
788. 66
789. 152
790. 508
791. 3
792. 544
793. 703
794. 774
795. 434
796. 794
797. 932
798. 241
799. 74
800. 974
801. 954
802. 375
803. 772
804. 218
805. 414
806. 366
807. 501
808. 566
809. 599
810. 256
811. 468
812. 101
813. 156
814. 998
815. 312
816. 767
817. 95
818. 838
819. 162
820. 130
821. 583
822. 544
823. 176
824. 936
825. 826
826. 421
827. 139
828. 893
829. 284
830. 724
831. 85
832. 438
833. 51
834. 616
835. 698
836. 36
837. 262
838. 357
839. 193
840. 596
841. 844
842. 387
843. 84
844. 362
845. 98
846. 14
847. 394
848. 56
849. 432
850. 512
851. 704
852. 74
853. 196
854. 875
855. 132
856. 229
857. 723
858. 568
859. 108
860. 55
861. 172
862. 217
863. 289
864. 427
865. 795
866. 336
867. 94
868. 988
869. 86
870. 838
871. 902
872. 922
873. 288
874. 719
875. 845
876. 558
877. 524
878. 195
879. 704
880. 842
881. 166
882. 883
883. 503
884. 451
885. 600
886. 900
887. 280
888. 169
889. 586
890. 751
891. 116
892. 877
893. 418
894. 194
895. 644
896. 244
897. 354
898. 118
899. 208
900. 788
901. 826
902. 207
903. 152
904. 893
905. 608
906. 948
907. 203
908. 206
909. 977
910. 916
911. 49
912. 385
913. 266
914. 607
915. 990
916. 964
917. 340
918. 697
919. 62
920. 526
921. 675
922. 612
923. 604
924. 492
925. 884
926. 212
927. 157
928. 679
929. 706
930. 716
931. 518
932. 103
933. 749
934. 989
935. 739
936. 684
937. 35
938. 785
939. 343
940. 680
941. 423
942. 476
943. 420
944. 241
945. 532
946. 864
947. 826
948. 403
949. 311
950. 60
951. 451
952. 562
953. 420
954. 321
955. 241
956. 240
957. 845
958. 968
959. 389
960. 177
961. 640
962. 82
963. 963
964. 211
965. 38
966. 901
967. 253
968. 37
969. 218
970. 501
971. 320
972. 215
973. 264
974. 298
975. 970
976. 801
977. 569
978. 3
979. 859
980. 136
981. 818
982. 212
983. 91
984. 72
985. 750
986. 775
987. 728
988. 29
989. 984
990. 639
991. 670
992. 959
993. 438
994. 524
995. 943
996. 755
997. 162
998. 446
999. 290
1000. 751
1001. 557
1002. 483
1003. 189
1004. 9
1005. 786
1006. 978
1007. 445
1008. 350
1009. 860
1010. 662
1011. 354
1012. 682
1013. 117
1014. 57
1015. 441
1016. 88
1017. 142
1018. 927
1019. 402
1020. 874
1021. 734
1022. 926
1023. 633
1024. 219
1025. 84
1026. 662
1027. 205
1028. 981
1029. 367
1030. 338
1031. 332
1032. 119
1033. 375
1034. 334
1035. 146
1036. 511
1037. 165
1038. 666
1039. 614
1040. 744
1041. 617
1042. 887
1043. 848
1044. 203
1045. 593
1046. 158
1047. 152
1048. 817
1049. 866
1050. 904
1051. 701
1052. 165
1053. 977
1054. 93
1055. 396
1056. 281
1057. 953
1058. 116
1059. 97
1060. 70
1061. 179
1062. 107
1063. 338
1064. 622
1065. 445
1066. 382
1067. 672
1068. 859
1069. 571
1070. 717
1071. 240
1072. 175
1073. 808
1074. 225
1075. 988
1076. 604
1077. 448
1078. 651
1079. 769
1080. 569
1081. 975
1082. 968
1083. 394
1084. 498
1085. 969
1086. 360
1087. 666
1088. 919
1089. 407
1090. 933
1091. 101
1092. 58