72. 527
73. 63
74. 955
75. 77
76. 978
77. 846
78. 849
79. 699
80. 790
81. 911
82. 87
83. 486
84. 914
85. 842
86. 127
87. 844
88. 235
89. 209
90. 710
91. 735
92. 144
93. 226
94. 298
95. 560
96. 431
97. 586
98. 723
99. 482
100. 871
101. 918
102. 329
103. 906
104. 350
105. 365
106. 361
107. 536
108. 793
109. 664
110. 739
111. 507
112. 289
113. 256
114. 73
115. 356
116. 834
117. 96
118. 939
119. 28
120. 553
121. 526
122. 501
123. 746
124. 890
125. 701
126. 807
127. 447
128. 97
129. 58
130. 891
131. 346
132. 699
133. 421
134. 666
135. 198
136. 791
137. 340
138. 433
139. 316
140. 81
141. 984
142. 462
143. 116
144. 711
145. 963
146. 380
147. 85
148. 224
149. 370
150. 923
151. 188
152. 326
153. 67
154. 582
155. 530
156. 489
157. 59
158. 100
159. 441
160. 161
161. 637
162. 961
163. 118
164. 21
165. 216
166. 432
167. 309
168. 64
169. 992
170. 81
171. 781
172. 644
173. 324
174. 126
175. 166
176. 385
177. 233
178. 436
179. 517
180. 88
181. 390
182. 355
183. 335
184. 372
185. 254
186. 294
187. 589
188. 803
189. 38
190. 56
191. 235
192. 196
193. 948
194. 359
195. 398
196. 608
197. 145
198. 346
199. 915
200. 485
201. 945
202. 936
203. 114
204. 490
205. 61
206. 343
207. 345
208. 862
209. 313
210. 316
211. 529
212. 362
213. 49
214. 307
215. 791
216. 281
217. 222
218. 283
219. 911
220. 90
221. 914
222. 39
223. 509
224. 797
225. 23
226. 895
227. 67
228. 164
229. 896
230. 554
231. 460
232. 181
233. 211
234. 474
235. 201
236. 911
237. 717
238. 192
239. 75
240. 679
241. 355
242. 678
243. 650
244. 128
245. 925
246. 230
247. 105
248. 409
249. 897
250. 698
251. 427
252. 313
253. 670
254. 308
255. 838
256. 335
257. 367
258. 325
259. 233
260. 224
261. 950
262. 199
263. 793
264. 108
265. 501
266. 102
267. 924
268. 349
269. 595
270. 395
271. 753
272. 318
273. 676
274. 154
275. 524
276. 908
277. 694
278. 211
279. 214
280. 424
281. 458
282. 403
283. 958
284. 688
285. 957
286. 488
287. 591
288. 218
289. 203
290. 196
291. 765
292. 971
293. 927
294. 741
295. 227
296. 592
297. 60
298. 885
299. 474
300. 409
301. 226
302. 174
303. 230
304. 162
305. 169
306. 510
307. 962
308. 32
309. 225
310. 201
311. 823
312. 914
313. 724
314. 89
315. 267
316. 717
317. 54
318. 60
319. 69
320. 601
321. 306
322. 287
323. 65
324. 308
325. 926
326. 278
327. 415
328. 241
329. 827
330. 265
331. 662
332. 678
333. 734
334. 424
335. 434
336. 701
337. 380
338. 731
339. 24
340. 973
341. 741
342. 728
343. 357
344. 881
345. 238
346. 740
347. 947
348. 587
349. 22
350. 271
351. 603
352. 266
353. 918
354. 519
355. 617
356. 826
357. 268
358. 486
359. 295
360. 939
361. 363
362. 378
363. 302
364. 586
365. 740
366. 380
367. 931
368. 12
369. 387
370. 588
371. 315
372. 712
373. 956
374. 180
375. 454
376. 104
377. 661
378. 91
379. 811
380. 370
381. 471
382. 419
383. 464
384. 243
385. 578
386. 250
387. 784
388. 750
389. 998
390. 245
391. 165
392. 771
393. 691
394. 768
395. 654
396. 261
397. 566
398. 441
399. 91
400. 194
401. 643
402. 932
403. 379
404. 86
405. 940
406. 263
407. 638
408. 344
409. 991
410. 544
411. 767
412. 266
413. 708
414. 727
415. 191
416. 698
417. 990
418. 308
419. 325
420. 44
421. 18
422. 397
423. 93
424. 649
425. 900
426. 62
427. 322
428. 339
429. 619
430. 404
431. 742
432. 196
433. 874
434. 205
435. 96
436. 203
437. 224
438. 704
439. 727
440. 135
441. 769
442. 757
443. 424
444. 714
445. 5
446. 884
447. 114
448. 674
449. 144
450. 83
451. 302
452. 29
453. 179
454. 104
455. 531
456. 455
457. 473
458. 300
459. 254
460. 640
461. 296
462. 548
463. 103
464. 381
465. 365
466. 713
467. 744
468. 709
469. 837
470. 9
471. 90
472. 347
473. 179
474. 359
475. 304
476. 923
477. 446
478. 385
479. 699
480. 749
481. 193
482. 206
483. 922
484. 197
485. 128
486. 273
487. 758
488. 439
489. 650
490. 54
491. 736
492. 817
493. 152
494. 949
495. 807
496. 224
497. 124
498. 889
499. 625
500. 667
501. 239
502. 387
503. 806
504. 788
505. 632
506. 8
507. 584
508. 280
509. 11
510. 726
511. 181
512. 761
513. 66
514. 64
515. 14
516. 742
517. 725
518. 708
519. 332
520. 828
521. 750
522. 425
523. 944
524. 719
525. 110
526. 348
527. 121
528. 961
529. 971
530. 629
531. 830
532. 241
533. 491
534. 930
535. 889
536. 710
537. 333
538. 163
539. 311
540. 252
541. 270
542. 165
543. 208
544. 694
545. 914
546. 267
547. 952
548. 645
549. 414
550. 822
551. 69
552. 112
553. 464
554. 267
555. 7
556. 806
557. 931
558. 355
559. 928
560. 854
561. 993
562. 101439
563. 897
564. 381
565. 748
566. 987
567. 437
568. 954
569. 595
570. 783
571. 49
572. 110
573. 675
574. 8
575. 60
576. 981
577. 730
578. 336
579. 120
580. 790
581. 90
582. 212
583. 985
584. 12
585. 912
586. 383
587. 665
588. 754
589. 950
590. 790
591. 896
592. 773
593. 777
594. 581
595. 514
596. 910
597. 579
598. 496
599. 790
600. 334
601. 912
602. 692
603. 609
604. 694
605. 693
606. 213
607. 620
608. 695
609. 385
610. 785
611. 163
612. 984
613. 978
614. 971
615. 477
616. 465
617. 196
618. 313
619. 447
620. 766
621. 126
622. 480
623. 798
624. 792
625. 359
626. 193
627. 837
628. 157
629. 773
630. 752
631. 447
632. 565
633. 53
634. 384
635. 449
636. 749
637. 792
638. 138
639. 527
640. 339
641. 299
642. 505
643. 691
644. 700
645. 721
646. 942
647. 713
648. 260
649. 491
650. 452
651. 336
652. 73
653. 960
654. 238
655. 163
656. 689
657. 831
658. 709
659. 199
660. 111
661. 498
662. 557
663. 972
664. 450
665. 653
666. 476
667. 398
668. 619
669. 280
670. 923
671. 31
672. 691
673. 67
674. 782
675. 268
676. 428
677. 408
678. 740
679. 576
680. 734
681. 317
682. 114
683. 332
684. 743
685. 908
686. 381
687. 914
688. 420
689. 647
690. 528
691. 284
692. 825
693. 721
694. 929
695. 324
696. 167
697. 561
698. 815
699. 466
700. 389
701. 304
702. 480
703. 851
704. 585
705. 942
706. 496
707. 53
708. 938
709. 518
710. 368
711. 941
712. 930
713. 364
714. 522
715. 59
716. 652
717. 963
718. 949
719. 828
720. 784
721. 860
722. 420
723. 310
724. 476
725. 94
726. 589
727. 833
728. 426
729. 940
730. 959
731. 993
732. 88
733. 398
734. 624
735. 917
736. 838
737. 664
738. 833
739. 672
740. 19
741. 350
742. 333
743. 707
744. 336
745. 746
746. 263
747. 463
748. 220
749. 663
750. 849
751. 631
752. 712
753. 308
754. 580
755. 78
756. 422
757. 444
758. 281
759. 447
760. 37
761. 814
762. 788
763. 810
764. 369
765. 985
766. 92
767. 684
768. 74
769. 279
770. 128
771. 464
772. 944
773. 978
774. 163
775. 984
776. 5
777. 165
778. 889
779. 969
780. 5
781. 272
782. 374
783. 948
784. 13
785. 796
786. 632
787. 789
788. 91
789. 66
790. 152
791. 508
792. 3
793. 544
794. 703
795. 774
796. 434
797. 794
798. 932
799. 241
800. 74
801. 974
802. 954
803. 375
804. 772
805. 218
806. 414
807. 366
808. 501
809. 566
810. 599
811. 256
812. 468
813. 101
814. 156
815. 998
816. 312
817. 767
818. 95
819. 838
820. 162
821. 130
822. 583
823. 544
824. 176
825. 936
826. 826
827. 421
828. 139
829. 893
830. 284
831. 724
832. 661
833. 85
834. 438
835. 51
836. 616
837. 698
838. 36
839. 262
840. 357
841. 193
842. 596
843. 844
844. 387
845. 84
846. 362
847. 98
848. 14
849. 394
850. 56
851. 432
852. 512
853. 704
854. 74
855. 196
856. 875
857. 132
858. 229
859. 723
860. 568
861. 108
862. 55
863. 172
864. 217
865. 289
866. 427
867. 795
868. 336
869. 94
870. 988
871. 86
872. 838
873. 902
874. 922
875. 288
876. 719
877. 845
878. 558
879. 524
880. 195
881. 704
882. 842
883. 166
884. 883
885. 503
886. 451
887. 600
888. 900
889. 280
890. 169
891. 586
892. 751
893. 116
894. 877
895. 418
896. 194
897. 644
898. 244
899. 354
900. 118
901. 208
902. 788
903. 826
904. 207
905. 152
906. 893
907. 608
908. 948
909. 203
910. 206
911. 341
912. 977
913. 916
914. 49
915. 385
916. 266
917. 607
918. 990
919. 964
920. 340
921. 697
922. 62
923. 526
924. 675
925. 612
926. 604
927. 492
928. 884
929. 212
930. 157
931. 679
932. 706
933. 716
934. 518
935. 103
936. 749
937. 989
938. 739
939. 684
940. 35
941. 785
942. 343
943. 680
944. 423
945. 476
946. 420
947. 241
948. 532
949. 864
950. 826
951. 403
952. 311
953. 60
954. 451
955. 562
956. 420
957. 321
958. 241
959. 240
960. 845
961. 968
962. 389
963. 177
964. 640
965. 82
966. 963
967. 211
968. 38
969. 901
970. 253
971. 37
972. 218
973. 501
974. 320
975. 215
976. 264
977. 298
978. 970
979. 801
980. 569
981. 3
982. 859
983. 136
984. 818
985. 212
986. 91
987. 72
988. 750
989. 775
990. 728
991. 29
992. 270
993. 984
994. 639
995. 670
996. 959
997. 438
998. 524
999. 943
1000. 755
1001. 162
1002. 446
1003. 290
1004. 751
1005. 557
1006. 483
1007. 189
1008. 9
1009. 786
1010. 978
1011. 445
1012. 350
1013. 860
1014. 662
1015. 354
1016. 682
1017. 117
1018. 57
1019. 441
1020. 88
1021. 142
1022. 927
1023. 402
1024. 874
1025. 734
1026. 926
1027. 633
1028. 219
1029. 84
1030. 662
1031. 205
1032. 334
1033. 981
1034. 367
1035. 338
1036. 332
1037. 119
1038. 375
1039. 334
1040. 146
1041. 511
1042. 165
1043. 666
1044. 614
1045. 744
1046. 617
1047. 887
1048. 848
1049. 203
1050. 593
1051. 158
1052. 152
1053. 817
1054. 866
1055. 904
1056. 701
1057. 165
1058. 977
1059. 93
1060. 396
1061. 281
1062. 953
1063. 116
1064. 97
1065. 70
1066. 179
1067. 107
1068. 338
1069. 622
1070. 445
1071. 382
1072. 672
1073. 859
1074. 571
1075. 717
1076. 240
1077. 175
1078. 808
1079. 225
1080. 988
1081. 604
1082. 448
1083. 651
1084. 769
1085. 569
1086. 975
1087. 968
1088. 394
1089. 498
1090. 969
1091. 360
1092. 666
1093. 919
1094. 407
1095. 933
1096. 101
1097. 58